
project_id	author	code_smells	lines_edited	commits	sonar_smells
org.apache:archiva	Wendy Smoak	5,36339448256547	0,352456867118016	0,808967987981047	0,87451530401782
	Olivier Lamy	13,2474443355272	29,5988718415315	47,9255749451057	20,5854852459918
	Maria Odea B. Ching	6,73575129533679	4,58110538404734	6,52952733156131	7,83351208646151
	Marecor M. Baclay	0,322083741772861	0,399432585211822	0,196463654223968	0,171878007865138
	Joakim Erdfelt	29,3516314241703	12,1013897214905	4,78446781463076	29,644143772516
	Jevica Arianne B. Zurbano	0,140036409466461	0,103355845234003	0,312030509649832	0,082501443775266
	Jesse McConnell	4,77524156280633	0,693887875354055	1,22500866751416	3,33993344883535
	Jason van Zyl	0,980254866265229	0,470683723701242	1,50236912053623	0,268129692269615
	James William Dumay	1,19030948046492	18,3628730608618	1,2712354096845	7,71938508923906
	Emmanuel Venisse	2,12855342389021	0,115771518260768	1,2712354096845	0,708137392404367
	Edwin L. Punzalan	3,27685198151519	1,84687768986946	2,02241996995262	2,20691362098837
	Carlos Sanchez Gonzalez	0,0140036409466461	0,0947853246744823	1,2712354096845	0,0123752165662899
	Brett Porter	32,4744433552724	17,6509639287637	16,6878539234947	26,4815884277975
org.apache:batik	billh	1,01608806096528	0,910445876559352	2,02712348322627	2,10387198171167